 39  20  10  95  52  26  13  93  53  27  87  43  22  89  44  22  11  94  47  76   0   0   0   0   0   0   0   0   0   0   0   0 
 79  39  20  10  95  53  26  13  93  53  27  87  43  22  89  45  22  11  94  47   0   0   0   0   0   0   0   0   0   0   0   0 
 43  78  39  20  10  95  52  26  13  94  53  27  87  43  22  89  45  22  11  94   0   0   0   0   0   0   0   0   0   0   0   0 
 86  43  78  39  20  10  95  52  26  13  93  53  27  87  43  22  89  44  22  11   0   0   0   0   0   0   0   0   0   0   0   0 
 28  86  43  78  39  20  10  95  53  26  13  93  53  27  87  43  22  89  45  22   0   0   0   0   0   0   0   0   0   0   0   0 
 55  28  86  43  78  39  20  10  95  53  26  13  93  53  27  87  43  22  89  45   0   0   0   0   0   0   0   0   0   0   0   0 
 89  56  28  86  43  78  39  20  10  95  52  26  13  93  53  27  87  43  22  89   0   0   0   0   0   0   0   0   0   0   0   0 
 22  89  55  28  86  43  78  39  20  10  95  52  26  13  93  53  27  87  43  22   0   0   0   0   0   0   0   0   0   0   0   0 
 44  22  89  56  28  86  43  78  39  19  10  95  53  26  13  93  53  27  87  43   0   0   0   0   0   0   0   0   0   0   0   0 
 88  44  22  89  55  28  86  43  78  39  20  10  95  53  26  13  93  53  27  87   0   0   0   0   0   0   0   0   0   0   0   0 
 25  87  44  22  89  55  28  86  43  79  39  20  10  95  52  26  13  93  53  27   0   0   0   0   0   0   0   0   0   0   0   0 
 50  25  87  44  22  89  56  28  86  43  78  39  20  10  95  52  26  13  93  53   0   0   0   0   0   0   0   0   0   0   0   0 
100  50  25  87  44  22  89  55  28  86  43  78  39  20  10  95  53  26  13  93   0   0   0   0   0   0   0   0   0   0   0   0 
  0 100  50  25  87  44  22  89  56  28  86  43  78  39  20  10  95  52  26  13   0   0   0   0   0   0   0   0   0   0   0   0 
  0   0 100  50  25  87  44  22  89  55  28  86  43  78  39  19  10  95  52  26   0   0   0   0   0   0   0   0   0   0   0   0 
  0   0   0 100  50  25  87  44  22  89  55  28  86  43  78  39  19  10  95  52   0   0   0   0   0   0   0   0   0   0   0   0 
  0   0   0   0 100  50  25  88  44  22  89  55  28  86  43  79  39  20  10  95   0   0   0   0   0   0   0   0   0   0   0   0 
  0   0   0   0   0 100  50  25  88  44  22  89  55  28  86  43  79  39  20  10   0   0   0   0   0   0   0   0   0   0   0   0 
  0   0   0   0   0   0 100  50  25  88  44  22  89  56  28  86  43  79  39  20   0   0   0   0   0   0   0   0   0   0   0   0 
  0   0   0   0   0   0   0 100  50  25  87  44  22  89  55  28  86  43  78  39   0   0   0   0   0   0   0   0   0   0   0   0 
  0   0   0   0   0   0   0   0 100  50  25  87  44  22  89  55  28  86  43  79   0   0   0   0   0   0   0   0   0   0   0   0 
  0   0   0   0   0   0   0   0   0 100  50  25  87  44  22  89  55  28  86  43   0   0   0   0   0   0   0   0   0   0   0   0 
  0   0   0   0   0   0   0   0   0   0 100  50  25  88  44  22  89  55  28  86   0   0   0   0   0   0   0   0   0   0   0   0 
  0   0   0   0   0   0   0   0   0   0   0 100  50  25  87  44  22  89  56  28   0   0   0   0   0   0   0   0   0   0   0   0 
  0   0   0   0   0   0   0   0   0   0   0   0 100  50  25  88  44  22  89  56   0   0   0   0   0   0   0   0   0   0   0   0 
  0   0   0   0   0   0   0   0   0   0   0   0   0 100  50  25  88  44  22  89   0   0   0   0   0   0   0   0   0   0   0   0 
  0   0   0   0   0   0   0   0   0   0   0   0   0   0 100  50  25  87  44  22   0   0   0   0   0   0   0   0   0   0   0   0 
  0   0   0   0   0   0   0   0   0   0   0   0   0   0   0 100  50  25  87  44   0   0   0   0   0   0   0   0   0   0   0   0 
  0   0   0   0   0   0   0   0   0   0   0   0   0   0   0   0 100  50  25  87   0   0   0   0   0   0   0   0   0   0   0   0 
  0   0   0   0   0   0   0   0   0   0   0   0   0   0   0   0   0 100  50  25   0   0   0   0   0   0   0   0   0   0   0   0 
  0   0   0   0   0   0   0   0   0   0   0   0   0   0   0   0   0   0 100  50   0   0   0   0   0   0   0   0   0   0   0   0 
  0   0   0   0   0   0   0   0   0   0   0   0   0   0   0   0   0   0   0 100   0   0   0   0   0   0   0   0   0   0   0   0 
